
20-Sep-2008

20-Sep-2008
BRratio=0.000000
1 255.0 255.0 255.0  0.0  0.0  0.0 203.0 203.0 203.0
2 255.0 255.0 255.0 203.0 203.0 203.0 236.0 236.0 236.0
3 203.0 203.0 203.0  0.0  0.0  0.0 152.0 152.0 152.0
4 255.0 255.0 255.0 236.0 236.0 236.0 248.0 248.0 248.0
5 236.0 236.0 236.0 203.0 203.0 203.0 221.0 221.0 221.0
6 203.0 203.0 203.0 152.0 152.0 152.0 179.0 179.0 179.0
7 152.0 152.0 152.0  0.0  0.0  0.0 106.0 106.0 106.0
8 255.0 255.0 255.0 248.0 248.0 248.0 252.0 252.0 252.0
9 248.0 248.0 248.0 236.0 236.0 236.0 242.0 242.0 242.0
10 236.0 236.0 236.0 221.0 221.0 221.0 230.0 230.0 230.0
11 221.0 221.0 221.0 203.0 203.0 203.0 211.0 211.0 211.0
12 203.0 203.0 203.0 179.0 179.0 179.0 195.0 195.0 195.0
13 179.0 179.0 179.0 152.0 152.0 152.0 169.0 169.0 169.0
14 152.0 152.0 152.0 106.0 106.0 106.0 136.0 136.0 136.0
15 106.0 106.0 106.0  0.0  0.0  0.0 66.0 66.0 66.0
Gamma=2.961695, BRratio=0.500000, C=-0.000003, Beta=255.000003, correlation=0.996811
