
19-Sep-2008
BRratio=0.000000
1 255.0 255.0 255.0  0.0  0.0  0.0 127.0 127.0 127.0
2 255.0 255.0 255.0 127.0 127.0 127.0 191.0 191.0 191.0
3 127.0 127.0 127.0  0.0  0.0  0.0 64.0 64.0 64.0
4 255.0 255.0 255.0 191.0 191.0 191.0 223.0 223.0 223.0
5 191.0 191.0 191.0 127.0 127.0 127.0 159.0 159.0 159.0
6 127.0 127.0 127.0 64.0 64.0 64.0 96.0 96.0 96.0
7 64.0 64.0 64.0  0.0  0.0  0.0 32.0 32.0 32.0
8 255.0 255.0 255.0 223.0 223.0 223.0 239.0 239.0 239.0
9 223.0 223.0 223.0 191.0 191.0 191.0 207.0 207.0 207.0
10 191.0 191.0 191.0 159.0 159.0 159.0 175.0 175.0 175.0

19-Sep-2008

19-Sep-2008

19-Sep-2008
BRratio=0.000000

19-Sep-2008
BRratio=4.000000

19-Sep-2008
BRratio=0.000000
1 255.0 255.0 255.0  0.0  0.0  0.0 156.0 156.0 156.0
2 255.0 255.0 255.0 156.0 156.0 156.0 236.0 236.0 236.0
3 156.0 156.0 156.0  0.0  0.0  0.0 69.0 69.0 69.0
4 255.0 255.0 255.0 236.0 236.0 236.0 249.0 249.0 249.0
5 236.0 236.0 236.0 156.0 156.0 156.0 204.0 204.0 204.0

20-Sep-2008
BRratio=0.000000
1 255.0 255.0 255.0  0.0  0.0  0.0 133.0 133.0 133.0
2 255.0 255.0 255.0 133.0 133.0 133.0 241.0 241.0 241.0
3 133.0 133.0 133.0  0.0  0.0  0.0 44.0 44.0 44.0
4 255.0 255.0 255.0 241.0 241.0 241.0 254.0 254.0 254.0
5 241.0 241.0 241.0 133.0 133.0 133.0 195.0 195.0 195.0
6 133.0 133.0 133.0 44.0 44.0 44.0 81.0 81.0 81.0
7 44.0 44.0 44.0  0.0  0.0  0.0 21.0 21.0 21.0
8 255.0 255.0 255.0 254.0 254.0 254.0 255.0 255.0 255.0
9 254.0 254.0 254.0 241.0 241.0 241.0 254.0 254.0 254.0
10 241.0 241.0 241.0 195.0 195.0 195.0 222.0 222.0 222.0
11 195.0 195.0 195.0 133.0 133.0 133.0 164.0 164.0 164.0
12 133.0 133.0 133.0 81.0 81.0 81.0 106.0 106.0 106.0
13 81.0 81.0 81.0 44.0 44.0 44.0 62.0 62.0 62.0
14 44.0 44.0 44.0 21.0 21.0 21.0 32.0 32.0 32.0
15 21.0 21.0 21.0  0.0  0.0  0.0 12.0 12.0 12.0
Gamma=0.985492, BRratio=0.500000, C=-0.000004, Beta=255.000004, correlation=0.986519

20-Sep-2008

20-Sep-2008
BRratio=0.000000
1 255.0 255.0 255.0  0.0  0.0  0.0 149.0 149.0 149.0

20-Sep-2008
BRratio=0.000000

20-Sep-2008
BRratio=0.000000

20-Sep-2008
BRratio=0.000000

20-Sep-2008
BRratio=0.000000

20-Sep-2008
BRratio=0.000000
1 255.0 255.0 255.0  0.0  0.0  0.0 144.0 144.0 144.0
2 255.0 255.0 255.0 144.0 144.0 144.0 243.0 243.0 243.0
3 144.0 144.0 144.0  0.0  0.0  0.0 51.0 51.0 51.0
4 255.0 255.0 255.0 243.0 243.0 243.0 254.0 254.0 254.0
5 243.0 243.0 243.0 144.0 144.0 144.0 202.0 202.0 202.0
6 144.0 144.0 144.0 51.0 51.0 51.0 93.0 93.0 93.0
7 51.0 51.0 51.0  0.0  0.0  0.0 23.0 23.0 23.0
8 255.0 255.0 255.0 254.0 254.0 254.0 255.0 255.0 255.0
9 254.0 254.0 254.0 243.0 243.0 243.0 253.0 253.0 253.0
10 243.0 243.0 243.0 202.0 202.0 202.0 224.0 224.0 224.0
11 202.0 202.0 202.0 144.0 144.0 144.0 174.0 174.0 174.0
12 144.0 144.0 144.0 93.0 93.0 93.0 118.0 118.0 118.0
13 93.0 93.0 93.0 51.0 51.0 51.0 71.0 71.0 71.0
14 51.0 51.0 51.0 23.0 23.0 23.0 35.0 35.0 35.0
15 23.0 23.0 23.0  0.0  0.0  0.0 13.0 13.0 13.0
Gamma=2.000000, BRratio=0.000000, C=25.000000, Beta=230.000000, correlation=NaN

20-Sep-2008
BRratio=1.000000
1 255.0 255.0 255.0  0.0  0.0  0.0 134.0 134.0 134.0
2 255.0 255.0 255.0 134.0 134.0 134.0 240.0 240.0 240.0
3 134.0 134.0 134.0  0.0  0.0  0.0 47.0 47.0 47.0
4 255.0 255.0 255.0 240.0 240.0 240.0 255.0 255.0 255.0
5 240.0 240.0 240.0 134.0 134.0 134.0 194.0 194.0 194.0
6 134.0 134.0 134.0 47.0 47.0 47.0 85.0 85.0 85.0
7 47.0 47.0 47.0  0.0  0.0  0.0 22.0 22.0 22.0
8 255.0 255.0 255.0 255.0 255.0 255.0 254.0 254.0 254.0
9 255.0 255.0 255.0 240.0 240.0 240.0 253.0 253.0 253.0
10 240.0 240.0 240.0 194.0 194.0 194.0 221.0 221.0 221.0
11 194.0 194.0 194.0 134.0 134.0 134.0 164.0 164.0 164.0
12 134.0 134.0 134.0 85.0 85.0 85.0 110.0 110.0 110.0
13 85.0 85.0 85.0 47.0 47.0 47.0 66.0 66.0 66.0
14 47.0 47.0 47.0 22.0 22.0 22.0 34.0 34.0 34.0
15 22.0 22.0 22.0  0.0  0.0  0.0 12.0 12.0 12.0
Gamma=1.017311, BRratio=1.000000, C=-0.000028, Beta=255.000028, correlation=0.988075

20-Sep-2008
BRratio=0.000000
1 255.0 255.0 255.0  0.0  0.0  0.0 134.0 134.0 134.0
2 255.0 255.0 255.0 134.0 134.0 134.0 239.0 239.0 239.0
3 134.0 134.0 134.0  0.0  0.0  0.0 46.0 46.0 46.0
4 255.0 255.0 255.0 239.0 239.0 239.0 254.0 254.0 254.0
5 239.0 239.0 239.0 134.0 134.0 134.0 195.0 195.0 195.0
6 134.0 134.0 134.0 46.0 46.0 46.0 85.0 85.0 85.0
7 46.0 46.0 46.0  0.0  0.0  0.0 21.0 21.0 21.0
8 255.0 255.0 255.0 254.0 254.0 254.0 255.0 255.0 255.0
9 254.0 254.0 254.0 239.0 239.0 239.0 253.0 253.0 253.0
10 239.0 239.0 239.0 195.0 195.0 195.0 220.0 220.0 220.0
11 195.0 195.0 195.0 134.0 134.0 134.0 165.0 165.0 165.0
12 134.0 134.0 134.0 85.0 85.0 85.0 110.0 110.0 110.0
13 85.0 85.0 85.0 46.0 46.0 46.0 65.0 65.0 65.0
14 46.0 46.0 46.0 21.0 21.0 21.0 33.0 33.0 33.0
15 21.0 21.0 21.0  0.0  0.0  0.0 12.0 12.0 12.0
Gamma=1.015388, BRratio=0.500000, C=0.000002, Beta=254.999998, correlation=0.988285
