
11-Dec-2001
BRratio=25.400000
1  0.0  0.0 255.0  0.0  0.0  0.0 57.0  0.0 195.0
2  0.0  0.0 255.0 57.0  0.0 195.0 13.0  0.0 228.0
3 57.0  0.0 195.0  0.0  0.0  0.0 49.0  0.0 152.0
4  0.0  0.0 255.0 13.0  0.0 228.0  6.0  0.0 242.0
5 13.0  0.0 228.0 57.0  0.0 195.0 51.0  0.0 212.0
6 57.0  0.0 195.0 49.0  0.0 152.0 100.0  0.0 174.0
7 49.0  0.0 152.0  0.0  0.0  0.0 46.0  0.0 119.0
8  0.0  0.0 255.0  6.0  0.0 242.0  0.0  0.0 249.0
9  6.0  0.0 242.0 13.0  0.0 228.0 14.0  0.0 235.0
10 13.0  0.0 228.0 51.0  0.0 212.0 24.0  0.0 220.0
11 51.0  0.0 212.0 57.0  0.0 195.0 54.0  0.0 204.0
12 57.0  0.0 195.0 100.0  0.0 174.0 81.0  0.0 185.0
13 100.0  0.0 174.0 49.0  0.0 152.0 67.0  0.0 164.0
14 49.0  0.0 152.0 46.0  0.0 119.0 48.0  0.0 137.0
15 46.0  0.0 119.0  0.0  0.0  0.0 19.0  0.0 96.0
Gamma=2.701923, BRratio=25.400000, C=1.000000, Beta=254.000000, correlation=0.999889

24-Jun-2002
BRratio=33.200000
1  0.0  0.0 255.0  0.0  0.0  0.0  6.0  0.0 197.0
2  0.0  0.0 255.0  6.0  0.0 197.0 17.0  0.0 228.0
3  6.0  0.0 197.0  0.0  0.0  0.0 17.0  0.0 157.0
4  0.0  0.0 255.0 17.0  0.0 228.0  9.0  0.0 242.0
5 17.0  0.0 228.0  6.0  0.0 197.0  8.0  0.0 213.0
6  6.0  0.0 197.0 17.0  0.0 157.0 11.0  0.0 179.0
7 17.0  0.0 157.0  0.0  0.0  0.0  6.0  0.0 129.0
8  0.0  0.0 255.0  9.0  0.0 242.0  4.0  0.0 249.0
9  9.0  0.0 242.0 17.0  0.0 228.0 13.0  0.0 235.0
10 17.0  0.0 228.0  8.0  0.0 213.0 13.0  0.0 221.0
11  8.0  0.0 213.0  6.0  0.0 197.0  2.0  0.0 205.0
12  6.0  0.0 197.0 11.0  0.0 179.0  9.0  0.0 188.0
13 11.0  0.0 179.0 17.0  0.0 157.0  6.0  0.0 169.0
14 17.0  0.0 157.0  6.0  0.0 129.0 14.0  0.0 144.0
15  6.0  0.0 129.0  0.0  0.0  0.0  4.0  0.0 108.0
Gamma=2.768269, BRratio=33.200000, C=1.000000, Beta=254.000000, correlation=0.998615
